This line is a comment block. Write whatever you want here.
This line is a comment block. Write whatever you want here.
This line is a comment block. Write whatever you want here.
This line is a comment block. Write whatever you want here.
This line is a comment block. Write whatever you want here.
This line is a comment block. Write whatever you want here.
This line is a comment block. Write whatever you want here.
213342a469557ad456f3c497ea471eae19ed8656deed066946984387fb2f17f6 17 17 4629 422
92326db0ccd8fad850b0b4918e8438d6eb4ead5b0d87b67ae391bf98d7f349a3 3 3 313 2
b8bd545f9e8c42cfb104a5651c8445c0d0927734e8edc22d9ccb3b3d9f8d5c4a 2 2 1729 3
5e28548e1134fccb7c57806b12b1a214a2455158778a183ec9db9cda6f6c94e9 1 1 332 0
6e314d7637ede5c98f780eacd715b46e6c4118720951460f76f2adb04346c85f 12 12 1151 150
ce9a1075dcce43b313d609c96833f3b174ad61cf48d74c5fefb302043ba11aed 2 2 5837 0
a15b0723d11f9035333b3603f7465fc9fbb6dd65845b6db50aa9e900fcebe1ce 2 2 144 30
cee0087d209166f91c1752517b35928c0d4b8ad91c7e157a2ba21f3faec34756 4 4 163 40
0edbb697506a1f4a4bab839e6e3ab2269a5ced1c53cae84fa5be0447928d3b48 3 3 12844 995
e8beb0ccd4b91914edc29189d28b92807dd8f4736036d5a71907fbf3028d95bc 4 4 3199 3198
50641cd6119b5cfad667b9aa087599570131b5805526ec8c3f337972310ff074 4 4 27 0
c60154f4959b3e821223ac72d31dd4d56058e0b158d99318248ed1c47620f6b6 1 1 23965 0
7f4ad3189d40e249a04a553829dc44669a6b8880fd0b56087ec1e0b8ac528b40 134 21 2468 324
806874cf7ba444b14672592d9077d1c58653df3b59f54d54adbd2b58a8745b30 15 15 10054 1087
78a3e407e926dd16d08cb9a5b2a56ef01cb742a685901c9102bf975124623150 1 1 28 0
45e50bb9afb20b847091925e42f886ed273d11bc6b67d849bbfeaa74b9620a52 1 1 1103 0
4a0f35c6f5185f8d9966081824e37204aa6b797ef7eeda0bf8d1a9ba4901c31a 1 1 273 0
c3564598655df6dad523017f5483e4d5696caf64edaa55deb220cc6ea4a24c55 2 2 462 0
96fe6201767ec5d899aeba329aede3193ab750f96d0139238a9ce0c64b82ff88 1 1 239 0
f2e4258ea6965d84510a4e7c988fab71ef10527b5bdf5248c47b71acd4ef7ed2 1 1 235 0
c73c3e7044b03b8fd2f88d4fddf4682981eb9c75ef2022d5dbcc3194bf60c9c9 1 1 532 0
13dd4bcabc3f97652fab94d83b9a552c19242c3d3f8d210cea3d0ed2d3f58718 1 1 248 0
a1c53704c04ef7180ecc2abdf64c23cedccb68ccf5c3bee3003d6d77377d877c 2 2 340 0
19194e1f4b27ef17dcfd26a7ab309adbaa0261f8032beee0fc9d72cb102cd52c 1 1 1167363 0
e12668ea638b1292e9522bdc7a6dca2ec54b58c2c88de39cb30ae31d9d79a7e4 9 9 9349646 9341644
7fade20625a73bf50131e3c72afcc014b7faf8f2b0395b1b2691fe6fa8842ac3 0 0 0 0
6c28f2b9c468543876d2b169bf2b8611c63166eb61fffe39aec8699a504783d8 12 12 15686 365
1cdb521154f3f5b11cb7b7cf8344a1d88471505c3aeaba8c4ac27f883d97d66a 16 16 18674 1745
05708d87e257b80fcb9615973d68a5b5c488d7e9b7f52434ac47e3cf5b1fb083 200 189 1216 360
906803de6280b07971e05afe004bc46ea33d3ccce76edca63e4904a9ba64fbc3 11 11 7072 34
5ce3312914d7e4400fbb6924b2c34f39c26640a95173323143c1ec5729efbf60 6 6 6003 52
5fd070a5f9dcc89a09c7603f2a3698bc44f25aadf724e02b7e5e955ee488e7f1 2 2 2137 0
6a8cff6c62142a8c5adc103a481f21afc9eba431dd648ae12a727ac77ce0b083 3 3 12860 9
6333479f8ba8e4dff80d58205f27b4be34a145c86d5ed6db53bd12ca7a5870b1 1 1 605 0
7b1ae1a87ed14be23b5ae4505ef802a44d09562b59df0e3891cf9b1c133c0670 3 3 1447 192
77d4b1d027eafa70e342d89c39a5a2a1ae1f85914dff6a2dde1b4aa5cfae393d 1 1 1575 0
cc2d8687b832372ad73f52512b6102a0ee322ce1174f8e9c9d122c142e1f570e 3 3 1099 45
d799a3823f778cc62fcc3a8533fda7e6230b3ee6b247c9a189505ec993262ec9 1 1 2998 0
408f3e3a76e671fef3997aad3e18991710b295f39a63e1c81cb29f697129820f 4 4 17639 146
cc07f15a297c70eb35e036e82dfc61549fb59fefb404e38770241deed3181868 19 19 1881 660
556682323ef9f659191113f50578b2b943bacf117e4e047d2b9a11680c5e3ed7 1 1 0 0
49bf8b1dc164afad2a7bc61f6933704de885502702eba9e0c518765daff0006a 50 50 8438 739
58a24d1b7edadf3be9caedc8a1aeaa9f5bf02f195659b34c910e0562fc538c2e 4 4 872 367
7850122502a2b624b0ccef1448f5800049141bdfc5770565972db0a4c33d1017 1 1 688 0
7690c362f6450bd2d276e45a8f3e633ad628c8af3b2d7861fec72361d1e96c2f 1 1 1294 0
1e5f07caf63829436ee798865a51e65506a83faa46f1a1a0b8b16a842a22d1c7 33 33 421 251
efd5bbef64f216af333a81363e2ce1f94606a25dd5f916ed89a8bf7b6bc63050 1 1 45 0
bef3d1d50618d6cd24d365d23940485a905b5796217524f7d15c1ef13e26b996 111 0 0 0
fe1fb70b044c783010ff73f1b52355e7b89f2864c8a2a23f519e53d571d2cacb 1 1 88 0
d309add7e9413e79b5769ce02d2600285de362f1abaf43f5bc872b5e64c53705 20 20 7543 196
8deadc1cf408477fbb8d599cec94da292c394124bbb479a9c49c26a95eee04e1 4 0 0 0
57e70b8a005bf092a867cbb40d398dc5bd442205ea277a0dd8cc7237a5f23df9 29 0 0 0
6c2a9c08b0c2b5ceead99bc56bb242da8ff41d6cd8af2ab44fc4708a169757e7 1 1 0 0
c4172e6637391a682cc9d941da5524dfced889214d2455ee007e7f9b604c814e 2 0 0 0
e79ed3d998b7b7cec65fbca8bd8253ba7b4f85c78d3f7e46aae8a53128c75c04 32 32 8657 849
cfc96865d66ff51d7d2067be1b663d4688225e5ad50abc94b7f75b08a8879c67 19 0 0 0
f3ae301b64ec2841bc1ac13ae8b250f4da21bc2c80c8ce50bb782aced707df3d 1 1 1097 0
b5427649a8018ae1e2e717b6ae650b30ca06d5c5735ce533993e52b54ea95d93 1 1 1438 0
b7685354a362c839d07f427572f9d93f9e3ecf7f5b5bfc21148ce6628e10f775 0 0 0 0
be2e48c185ff225603cf2304be15f3f1e9673754ebe22240cdf62373fa4a6cf7 1 1 1979 0
1e74de942cbfadbcb9d2385d2cddc1ef15eb035b94e536b59eafa79ba9cf9da0 1 1 0 0
dd50e9f6ab19738dd7ffd63f892f424da907e56ca3ca434115baba4e594a65aa 3 3 1092 25
5dc988ef51a47407e57fcf9cf94b31535b210933412e039184f642df00279647 1 1 2326 0
28367e3e6a227fa911a1ec61dc2cda3000fd8d50f89b67e5e4bca216140eb6da 1 1 37972 0
2db9f3e75c4f2ee1c632676f4a231bdba6f0da828951b7368d4633326d6fe5c6 1 1 38600 0
aa42a6aac513c942972ab9c556dd6ac0e9006d08af0e09acf18b67cb4c264414 1 1 38817 0
410eb86a6aaa4f7830d6197f55b629fa401d66a5a893ed966bc94454a184d390 1 1 5341 0
be74b93cba059bbfaf556950217c571602bfbb894ee39c28c591dd7258b257c5 2 2 5749 104
c02a9ab4023510d088912bcef50651466a94cb9e15f68ba09e3c47c1f6c3459c 2 2 40635 156
fd5aacb94873dd3b458e58f431c503796c6e8a9a2f643f2bbb355008b2d473c9 4 4 6061 98
f2bb37ddf34f614d8b25b80c4c3d052188b22fe61a1bc424ab88fc9dc32ef714 12 12 1133 41
4297768939914caac3f921913d8079ae14347f6388a52eba1d6cfde453722931 3 3 232 12
3ee708fdab39ab0a6bf8db5247ee9b4f78714cc71fc19531c952def6a707bfd4 6 6 167 3
f237066a8eafb32bf76963d06bdc357a2ece29901d9013d3403afa4dbf054812 0 0 0 0
191ee2d9cff08550ff3ae15f01ad536af0be7368792199fe3da22694caeeeaa1 5 5 6235 5
8d16f95a75b634ec0d9112b02d7d7b06f56ed48a912d33626dc948b7a989c8dc 5 5 6235 5
154bd257217fdd6c760203628c7a956c6984cd24385a30ad456bbb6f9dfd6bb1 18 2 131 2
dd0c6a8e25b051cf47c21bf333048bb620f62a918e7dda95f139b20f172ada35 0 0 0 0
95fab1a7a3a72c175fb4cb40af685dc7128210e0f7850056c405ccaf1988c030 1 1 8164 0
399da7f33075fa1310d8220cff55935bd771d45eae64e1e04426f65f5226c2c8 2 2 266 2
d6c0e481df72b54f09de77e2b683cd66af5a41ab915fb5e78d071222415e632b 257 0 0 0
134cfe8651c1e52d95bd70991a3e9664b6878a2215d55fb67caaa383ad063ac6 4 4 6534 135
28c0ebe72be8bceeca5e32a79ded52bfdffd24ab908dacae3058f7b08f26a7da 3 0 0 0
441bbe4d467984e14e6d053fafbc375de733a7cc107010b0078ed61f38b2bc77 2 0 0 0
12ebccc8b8c2cce41b4703377208062d91a9d65783deb84d652f5ac0cf21f7d8 6 0 0 0
ef03ac9bd54e86be424340d9d7f5e01d6019faae53a43bb5ae538d4a920a28d0 8 8 5744 99
3a94d37019fa257c09f356929f803e88cb257f5dc713c5529988795651ebcd1e 17 17 164 40
af10af772662e36c2e26fa8e451f442150ee59710a29a80cbe209869f8160016 16 2 131 2
c00c452a3a25a2097c2d6e0a05e0347c48c909ddde07371e8a1008653b154298 2 2 33611 9
3f422f9f797da78684d1cd6e717b46eb6150a1bac24497bd50b744737918de09 4 4 34141 1126
5d2a583e5ddd98b3709fcd8a773d0b7a61c832492856f798ad6c4544829445ec 17 17 49218 2748
16fc6f1de49969c23a503a51a58013647ab9eda2580a32c58f10572a0e1710b3 1 0 0 0
310769668990390c83195f1a40993bb4838430bb2706708538bea0d4bd4ec163 12 0 0 0
5a5f00571b8cfdd4cd5e9170138741307ae6db20f5b443ffe3e248af551588bb 1 1 34470 0
0888fdd5281bf627eef6bac6643aa1f5d9ee2a4d3dc67d03765434de2e8e5437 1 0 0 0
42fa8858ae4ec303546cfd37bb15b898cb8a4425ce89105c63232cad2caf68b9 11 0 0 0
f3c901ac506a53562545d0eee03e1133bbf84e9d7023be0c3ebe121449f71f6c 3 3 32189 9975
680c9e2c5620a2c8911d382b428a10243d8467395ae10013673cc09acfda0471 2 0 0 0
78899babd73ddb026a0352fe36c894ba34e983f2700736e4f0ea6598491c5c28 0 0 0 0
b319429c71df0c23aec1574de0b36e019acfd24ee45368bf7dd346f36c3f9ca5 1 1 46991 0
c8dd1a0cef0642cca17023b4025488e3c607babd32405faf61ad19616dcd62c2 113 79 20423 5162
cfabba2b6238309a8ecc5075d1c6f7a27f5e5055d79e294e31680f9b4fb95eb4 1 1 283 0
61c09ceaf100014f5d68af8752c9e0ab0978aefa8dee0627b780f99fa7264773 39 38 326 109
4275ec9ae18ddd31907a6a7c8b7e8d290bd6e9955bd06be7ee6c9433253df564 5 5 72303 30
955c2d3cb85404e84ab6ba5ec3313176011ad49d467786b90fbcd0453a675e1b 187 0 0 0
0434d997f4c7c81269ebef00fef9cb86828f9a9947a48495bcdc6618aa5dbf6c 0 0 0 0
c009bd10d6541ebdb984cbaf9514076064a3e1d922f33ee7f0be9ecc4edd46d8 2 2 266 2
3dd1302364f876ced64818eea4cd9465f7e9a278511d79dea21c0d783144fecc 83 0 0 0
0c1e4b3ef0a867b6758bdd7bf3a258a927a9b0ca33f5c6e4a69572950ac1b638 3 3 1389 0
b5800e2051be687c9bd57abe647abf997b76cad0e0a2eeaf50fac16ebee5da53 104 104 20599 7279
c4d383f31e09ada92e9f022e48ef7cf345c5b1491228b3ddf1168e11c50cb7de 1 1 1749 0
bd05bdd21f39d5bbb1618b468da0a9c62afc96fd4b9655bc584e8aa32caf2c20 1 1 2 0
c4ee22f21359441545a646e80dbd99af9a9026091f57f6425b423874850a8510 229 229 2013 620
cef3ce9ffb55d04d4eb5a3338ad9317945a6bd98db829b3a29308b2b828b9a37 2 2 136 0
2f1e87002bbc36312783e867aaf8408e387cdc35f63b392a6b63027ca63e5c62 17 1 18 6
2a94e27d76249d0180a1c2a6c07acaf53a6560ec7f6db177a0d307ec65286ce3 5 0 0 0
5ee42b4791d12148420665ff34ab25fb7ca9669306f387dc52a5a5f77230d3ec 1 1 64093 0
1a4b83b59b975a64d059da7e62f41110aa88ba29ee6c86c42aaaf7c72f67ee93 2 2 3964 2
02913979e177ee91b2024592fc544f46bf8ae73d177c5eae2f835a951a3bb4e4 9 8 7716 574
b46b9539128dbf20916c092183a619c074630d8470fa554205115f482e4e9eb2 8 8 517 115
20c6b25a5ca63ccd5eda8ea214dcab32b303dc12b5fa6dcde27d23d01bc4bc5b 14 14 60736 348
8cde5238d7cf8ea91850a3002f6f9e50a32f857be62b8fee7c207480f149f643 119 15 12710 381
6eeb52bcb17ff03156d9cb1b21afaadde52930dfbe6bdd5d00a618815745dacc 7 7 25260 2
1bba6a4810ceca8ba8294a93ae3e63f8aaf445a7e1e903fa989c37cc77c1c280 106 32 15540 10209
64fb5006722a7972d3b2a6109177a792303de6c504d847f020da8661220d97ad 68 28 26233 2686
e20148de90ad94c8235d17ef3712452b18b209eb1113ce3ee68d901021519ca9 10 10 14863 205
0e6115af6afd6e528560592d4b5dda737aa066750a03ae66e9cd4a832ee3af87 29 0 0 0
8b442aaed7ea1c0b83a859798b60be4e742d26b4d9a2e579897ebf7b713d2d54 2 2 247 0
e01504a94eb2917e5bb420fdf17fe14096c3c92881cc97bf4608c94ed88c4e94 29 18 18190 456
f53b0cb274cbf322ca1b3a327807c7f5ee36481dff80af2f13742a573b1c791a 11 0 0 0
c64c2e6a3c724b29a4f8420f7a02f81336cb80b66b23ff06491515c148daf71d 5 0 0 0
153582f2a711bd63a71e28a1bc805674a99b640204279ac3a35a190653e9d973 9 2 10425 34
8f07f8163097d46bdacffec9e48ced67f5b9223e37e8a6056b6791d98ee78843 1 1 2247 0
8e10abc782bbba2ebf855f3fca087a351666e2486e56cab7aecbaa34b77efeb2 6 6 70707 6386
b28011950d96ab63730ccd56a2c1845b478b0cb6b801c25a6bfa8367df58ab6f 300 0 0 0
d62458fafa4ba0f98fcb6fd5f82d55190b966b4ab4953a8bc829047318a4b82d 202 0 0 0
7f2504d3581628a7bb3885e932e23551a1db1d656c271d08ccb5f4330360ca59 106 32 15540 10209
2cd91ac773943f0418f61d65ecf3d2f9dfb4c6b3b82533bc54e40d8590219282 104 30 11322 2868
e58cba044b58ee4a74ddbab105c390bcabc0546ca6623fd32ec4cc1b381372af 7 0 0 0
ec542ad727e119b525974ac32b524934768f744408c3d31c37734737a344113b 1 0 0 0
4480f8fe9aa862af29c3a197bbdf60875d477f4ffc961fdfd8e7372e363fbb0d 7 7 20101 725
0636ebde4ad63790809692fef01439a84f441d9b38747ff0b418dd9775cf5b16 1 1 117080 0
6f00ecdef1bfbff6cffd41812767963b2f204c977a8d601bf2af3b429ee453be 1 1 73 0
1805ec0c2b77aa486fd20160d4f1f3012968f0a9b65957842f004a193d298048 10 10 978 147
4019c54e97b764f8a7c8ebfdf5c3f98822d5d120eb30b13722ddb4163a5a87e3 6 6 18230 533
cd3baae7689f3cafa06c3668d6e1d35c0ab42775e3f03bac93bb36d774476013 1 0 0 0
0cdd43a0485f583e64e21465967dbc96204ce0696caabd281a36914923df3442 242 0 0 0
d3197b1c0c9cc78a5db15b7cb9bd90b91d4e21ff23148d46f335b8593ad05595 1 1 52 0
92c469deede4c7cd72592730e54e35c7c163e2c6686bb79ff516d1f4374916cc 23 0 0 0
b497edae5069b84bc0c0a39175c4d2e23644322f2874ce18a43bb88f47775a83 1 1 58385 0
56b6eaa0c6170937ad9bbf50cc43de60a2e7ecf123517b2424b582d05198645d 29 0 0 0
fb1744f9edbd623d98a9ee4ecd8afad9e1c0b61fa1588ea43b8162bc141023a2 4 0 0 0
fc3396479d7e871a6952be2bb7647dd10f5e3d24b7dcf2f26c320be3cd5b2a0f 7 7 642 317
2a37cbd9ca98663a7d8efebfde15b017915fcac52a1c760d70691f98306d75af 1 1 0 0
5c5cae96ef180dcffdb9dc7cf005fc946fa188726c88011c6128956f2196612f 102 0 0 0
2af9971c40248a26fa5d8b17cfe6423becc7e6c98e84166726adbd3303c5ba5f 165 0 0 0
3df352cd40c12aba90aa8d821708ea8115b93e77de9fe1ce5fa5bdaf6b89b52c 297 0 0 0
cea389207420a5038e744b8250bd3a9e63f27a9fc708e6c36c69775fab64c8be 1 0 0 0
7b2ed56304eba58703f0b23364314cc02980dd0b09c0f7f70dc84d90b9c16957 2 0 0 0
